5 value patterns in total!
 00001 00001
 00010 00010
 00100 00100
 01000 01000
 10000 10000
43 value patterns in total!
 00010 00010 00001
 00011 00010
 00100 00001 00001
 00100 00010 00001
 00100 00010 00010
 00100 00100 00001
 00100 00100 00010
 00101 00100
 00110 00100
 01000 00001 00001
 01000 00010 00001
 01000 00011
 01000 00100 00001
 01000 00100 00010
 01000 00101
 01000 01000 00001
 01000 01000 00010
 01000 01000 00100
 01001 00001
 01001 00010
 01010 01000
 01100 00001
 01100 01000
 10000 00001 00001
 10000 00010 00001
 10000 00010 00010
 10000 00100 00001
 10000 00100 00010
 10000 00110
 10000 01000 00001
 10000 01000 00010
 10000 01010
 10000 10000 00001
 10000 10000 00100
 10000 10000 01000
 10001 00001
 10001 00100
 10010 00010
 10010 00100
 10100 00001
 10100 10000
 11000 00010
 11000 10000
270 value patterns in total!
 00001 00001 00001 00001
 00010 00001 00001 00001
 00010 00010 00001 00001
 00010 00010 00010 00001
 00010 00010 00010 00010
 00011 00010 00001
 00011 00011
 00100 00001 00001 00001
 00100 00010 00001 00001
 00100 00010 00010 00001
 00100 00010 00010 00010
 00100 00011 00001
 00100 00011 00010
 00100 00100 00001 00001
 00100 00100 00010 00001
 00100 00100 00010 00010
 00100 00100 00011
 00100 00100 00100 00001
 00100 00100 00100 00010
 00100 00100 00100 00100
 00101 00001 00001
 00101 00010 00001
 00101 00010 00010
 00101 00100 00001
 00101 00100 00010
 00101 00101
 00110 00001 00001
 00110 00010 00001
 00110 00010 00010
 00110 00100 00001
 00110 00100 00010
 00110 00101
 00110 00110
 00111 00100
 01000 00001 00001 00001
 01000 00010 00001 00001
 01000 00010 00010 00001
 01000 00010 00010 00010
 01000 00011 00001
 01000 00011 00010
 01000 00100 00001 00001
 01000 00100 00010 00001
 01000 00100 00010 00010
 01000 00100 00011
 01000 00100 00100 00001
 01000 00100 00100 00010
 01000 00100 00100 00100
 01000 00101 00001
 01000 00101 00010
 01000 00101 00100
 01000 00110 00001
 01000 00110 00010
 01000 00110 00100
 01000 00111
 01000 01000 00001 00001
 01000 01000 00010 00001
 01000 01000 00010 00010
 01000 01000 00011
 01000 01000 00100 00001
 01000 01000 00100 00010
 01000 01000 00100 00100
 01000 01000 00101
 01000 01000 00110
 01000 01000 01000 00001
 01000 01000 01000 00010
 01000 01000 01000 00100
 01000 01000 01000 01000
 01001 00010 00001
 01001 00010 00010
 01001 00011
 01001 00100 00001
 01001 00100 00010
 01001 00100 00100
 01001 00101
 01001 01000 00001
 01001 01000 00010
 01001 01000 00100
 01001 01000 01000
 01001 01001
 01010 00001 00001
 01010 00010 00001
 01010 00011
 01010 00100 00001
 01010 00101
 01010 01000 00001
 01010 01000 00010
 01010 01000 00100
 01010 01000 01000
 01010 01001
 01010 01010
 01011 00001
 01011 00010
 01011 01000
 01100 00001 00001
 01100 00010 00001
 01100 00011
 01100 00100 00001
 01100 00101
 01100 01000 00001
 01100 01000 00010
 01100 01000 00100
 01100 01000 01000
 01100 01001
 01100 01010
 01100 01100
 01101 00001
 01101 00100
 01101 01000
 01110 00001
 01110 01000
 10000 00001 00001 00001
 10000 00010 00001 00001
 10000 00010 00010 00001
 10000 00010 00010 00010
 10000 00011 00001
 10000 00011 00010
 10000 00100 00001 00001
 10000 00100 00010 00001
 10000 00100 00010 00010
 10000 00100 00011
 10000 00100 00100 00001
 10000 00100 00100 00010
 10000 00100 00100 00100
 10000 00101 00001
 10000 00101 00010
 10000 00101 00100
 10000 00110 00001
 10000 00110 00010
 10000 00110 00100
 10000 00111
 10000 01000 00001 00001
 10000 01000 00010 00001
 10000 01000 00010 00010
 10000 01000 00011
 10000 01000 00100 00001
 10000 01000 00100 00010
 10000 01000 00100 00100
 10000 01000 00101
 10000 01000 00110
 10000 01000 01000 00001
 10000 01000 01000 00010
 10000 01000 01000 00100
 10000 01000 01000 01000
 10000 01001 00001
 10000 01001 00010
 10000 01001 00100
 10000 01001 01000
 10000 01010 00001
 10000 01010 00010
 10000 01010 00100
 10000 01010 01000
 10000 01100 00001
 10000 01100 00010
 10000 01100 01000
 10000 01110
 10000 10000 00001 00001
 10000 10000 00010 00001
 10000 10000 00010 00010
 10000 10000 00100 00001
 10000 10000 00100 00010
 10000 10000 00100 00100
 10000 10000 00101
 10000 10000 00110
 10000 10000 01000 00001
 10000 10000 01000 00010
 10000 10000 01000 00100
 10000 10000 01000 01000
 10000 10000 01001
 10000 10000 01010
 10000 10000 01100
 10000 10000 10000 00001
 10000 10000 10000 00010
 10000 10000 10000 00100
 10000 10000 10000 01000
 10000 10000 10000 10000
 10001 00010 00010
 10001 00100 00001
 10001 00100 00010
 10001 00100 00100
 10001 00101
 10001 00110
 10001 01000 00001
 10001 01000 00010
 10001 01000 00100
 10001 01000 01000
 10001 01001
 10001 01100
 10001 10000 00001
 10001 10000 00010
 10001 10000 00100
 10001 10000 01000
 10001 10000 10000
 10001 10001
 10010 00010 00001
 10010 00010 00010
 10010 00011
 10010 00100 00001
 10010 00100 00010
 10010 00100 00100
 10010 00101
 10010 00110
 10010 01000 00001
 10010 01000 00010
 10010 01000 00100
 10010 01000 01000
 10010 01001
 10010 01010
 10010 10000 00001
 10010 10000 00010
 10010 10000 00100
 10010 10000 01000
 10010 10010
 10011 00010
 10011 00100
 10011 01000
 10100 00001 00001
 10100 00010 00001
 10100 00010 00010
 10100 00100 00001
 10100 00100 00010
 10100 00101
 10100 00110
 10100 01000 00001
 10100 01000 00010
 10100 01000 00100
 10100 01000 01000
 10100 01001
 10100 01010
 10100 10000 00001
 10100 10000 00010
 10100 10000 00100
 10100 10000 01000
 10100 10000 10000
 10100 10001
 10100 10010
 10100 10100
 10101 00001
 10101 00100
 10101 10000
 10110 00010
 10110 00100
 10110 10000
 11000 00001 00001
 11000 00010 00001
 11000 00010 00010
 11000 00011
 11000 00100 00001
 11000 00100 00010
 11000 00110
 11000 01000 00001
 11000 01000 00010
 11000 01000 00100
 11000 01000 01000
 11000 01010
 11000 10000 00001
 11000 10000 00010
 11000 10000 00100
 11000 10000 01000
 11000 10010
 11000 10100
 11000 11000
 11001 00001
 11001 00010
 11001 00100
 11010 00010
 11010 01000
 11010 10000
 11100 00001
 11100 00010
 11100 10000
955 value patterns in total!
 00010 00010 00001 00001 00001
 00010 00010 00010 00001 00001
 00010 00010 00010 00010 00001
 00011 00001 00001 00001
 00011 00010 00001 00001
 00011 00010 00010 00001
 00011 00010 00010 00010
 00011 00011 00001
 00011 00011 00010
 00100 00001 00001 00001 00001
 00100 00010 00001 00001 00001
 00100 00010 00010 00001 00001
 00100 00010 00010 00010 00001
 00100 00010 00010 00010 00010
 00100 00011 00001 00001
 00100 00011 00010 00001
 00100 00011 00010 00010
 00100 00100 00001 00001 00001
 00100 00100 00010 00001 00001
 00100 00100 00010 00010 00001
 00100 00100 00010 00010 00010
 00100 00100 00011 00001
 00100 00100 00011 00010
 00100 00100 00100 00001 00001
 00100 00100 00100 00010 00001
 00100 00100 00100 00010 00010
 00100 00100 00100 00100 00001
 00100 00100 00100 00100 00010
 00101 00001 00001 00001
 00101 00010 00001 00001
 00101 00010 00010 00001
 00101 00010 00010 00010
 00101 00011 00001
 00101 00011 00010
 00101 00100 00001 00001
 00101 00100 00010 00001
 00101 00100 00010 00010
 00101 00100 00011
 00101 00100 00100 00001
 00101 00100 00100 00010
 00101 00100 00100 00100
 00101 00101 00001
 00101 00101 00010
 00101 00101 00100
 00110 00001 00001 00001
 00110 00010 00001 00001
 00110 00010 00010 00001
 00110 00010 00010 00010
 00110 00011 00001
 00110 00011 00010
 00110 00100 00001 00001
 00110 00100 00010 00001
 00110 00100 00010 00010
 00110 00100 00011
 00110 00100 00100 00001
 00110 00100 00100 00010
 00110 00100 00100 00100
 00110 00101 00001
 00110 00101 00010
 00110 00101 00100
 00110 00110 00001
 00110 00110 00010
 00111 00001 00001
 00111 00010 00001
 00111 00010 00010
 00111 00100 00001
 00111 00100 00010
 00111 00101
 00111 00110
 01000 00001 00001 00001 00001
 01000 00010 00001 00001 00001
 01000 00010 00010 00001 00001
 01000 00010 00010 00010 00001
 01000 00011 00001 00001
 01000 00011 00010 00001
 01000 00011 00010 00010
 01000 00011 00011
 01000 00100 00001 00001 00001
 01000 00100 00010 00001 00001
 01000 00100 00010 00010 00001
 01000 00100 00010 00010 00010
 01000 00100 00011 00001
 01000 00100 00011 00010
 01000 00100 00100 00001 00001
 01000 00100 00100 00010 00001
 01000 00100 00100 00010 00010
 01000 00100 00100 00011
 01000 00100 00100 00100 00001
 01000 00100 00100 00100 00010
 01000 00101 00001 00001
 01000 00101 00010 00001
 01000 00101 00010 00010
 01000 00101 00011
 01000 00101 00100 00001
 01000 00101 00100 00010
 01000 00101 00100 00100
 01000 00101 00101
 01000 00110 00001 00001
 01000 00110 00010 00001
 01000 00110 00010 00010
 01000 00110 00011
 01000 00110 00100 00001
 01000 00110 00100 00010
 01000 00110 00100 00100
 01000 00110 00101
 01000 00110 00110
 01000 00111 00001
 01000 00111 00010
 01000 00111 00100
 01000 01000 00001 00001 00001
 01000 01000 00010 00001 00001
 01000 01000 00010 00010 00001
 01000 01000 00010 00010 00010
 01000 01000 00011 00001
 01000 01000 00011 00010
 01000 01000 00100 00001 00001
 01000 01000 00100 00010 00001
 01000 01000 00100 00010 00010
 01000 01000 00100 00011
 01000 01000 00100 00100 00001
 01000 01000 00100 00100 00010
 01000 01000 00100 00100 00100
 01000 01000 00101 00001
 01000 01000 00101 00010
 01000 01000 00101 00100
 01000 01000 00110 00001
 01000 01000 00110 00010
 01000 01000 00110 00100
 01000 01000 00111
 01000 01000 01000 00001 00001
 01000 01000 01000 00010 00001
 01000 01000 01000 00010 00010
 01000 01000 01000 00011
 01000 01000 01000 00100 00001
 01000 01000 01000 00100 00010
 01000 01000 01000 00100 00100
 01000 01000 01000 00101
 01000 01000 01000 00110
 01000 01000 01000 01000 00001
 01000 01000 01000 01000 00010
 01000 01000 01000 01000 00100
 01001 00001 00001 00001
 01001 00010 00001 00001
 01001 00010 00010 00001
 01001 00010 00010 00010
 01001 00011 00001
 01001 00011 00010
 01001 00100 00001 00001
 01001 00100 00010 00001
 01001 00100 00010 00010
 01001 00100 00011
 01001 00100 00100 00001
 01001 00100 00100 00010
 01001 00101 00001
 01001 00101 00010
 01001 00101 00100
 01001 00110 00001
 01001 00110 00010
 01001 00110 00100
 01001 00111
 01001 01000 00001 00001
 01001 01000 00010 00001
 01001 01000 00010 00010
 01001 01000 00011
 01001 01000 00100 00001
 01001 01000 00100 00010
 01001 01000 00100 00100
 01001 01000 00101
 01001 01000 00110
 01001 01000 01000 00001
 01001 01000 01000 00010
 01001 01000 01000 00100
 01001 01000 01000 01000
 01001 01001 00010
 01001 01001 00100
 01001 01001 01000
 01010 00001 00001 00001
 01010 00010 00001 00001
 01010 00010 00010 00001
 01010 00011 00001
 01010 00011 00010
 01010 00100 00001 00001
 01010 00100 00010 00001
 01010 00100 00011
 01010 00100 00100 00001
 01010 00101 00001
 01010 00101 00010
 01010 00101 00100
 01010 00110 00001
 01010 00110 00010
 01010 00110 00100
 01010 00111
 01010 01000 00001 00001
 01010 01000 00010 00001
 01010 01000 00010 00010
 01010 01000 00011
 01010 01000 00100 00001
 01010 01000 00100 00010
 01010 01000 00100 00100
 01010 01000 00101
 01010 01000 00110
 01010 01000 01000 00001
 01010 01000 01000 00010
 01010 01000 01000 00100
 01010 01000 01000 01000
 01010 01001 00001
 01010 01001 00010
 01010 01001 00100
 01010 01001 01000
 01010 01010 00001
 01010 01010 00010
 01010 01010 00100
 01010 01010 01000
 01011 00010 00001
 01011 00010 00010
 01011 00011
 01011 00100 00001
 01011 00100 00010
 01011 00100 00100
 01011 00101
 01011 01000 00001
 01011 01000 00010
 01011 01000 00100
 01011 01000 01000
 01011 01001
 01100 00001 00001 00001
 01100 00010 00001 00001
 01100 00010 00010 00001
 01100 00011 00001
 01100 00011 00010
 01100 00100 00001 00001
 01100 00100 00010 00001
 01100 00100 00011
 01100 00100 00100 00001
 01100 00101 00001
 01100 00101 00010
 01100 00101 00100
 01100 00110 00001
 01100 00110 00010
 01100 00110 00100
 01100 00111
 01100 01000 00001 00001
 01100 01000 00010 00001
 01100 01000 00010 00010
 01100 01000 00011
 01100 01000 00100 00001
 01100 01000 00100 00010
 01100 01000 00100 00100
 01100 01000 00101
 01100 01000 00110
 01100 01000 01000 00001
 01100 01000 01000 00010
 01100 01000 01000 00100
 01100 01000 01000 01000
 01100 01001 00001
 01100 01001 00010
 01100 01001 00100
 01100 01001 01000
 01100 01010 00001
 01100 01010 00010
 01100 01010 00100
 01100 01010 01000
 01100 01011
 01100 01100 00001
 01100 01100 00010
 01100 01100 00100
 01100 01100 01000
 01101 00001 00001
 01101 00010 00001
 01101 00010 00010
 01101 00011
 01101 00100 00001
 01101 00100 00010
 01101 00101
 01101 00110
 01101 01000 00001
 01101 01000 00010
 01101 01000 00100
 01101 01000 01000
 01101 01010
 01101 01100
 01110 00001 00001
 01110 00010 00001
 01110 00010 00010
 01110 00011
 01110 00100 00001
 01110 00101
 01110 01000 00001
 01110 01000 00010
 01110 01000 00100
 01110 01000 01000
 01110 01001
 01110 01010
 01110 01100
 01111 00001
 01111 00100
 01111 01000
 10000 00001 00001 00001 00001
 10000 00010 00001 00001 00001
 10000 00010 00010 00001 00001
 10000 00010 00010 00010 00001
 10000 00010 00010 00010 00010
 10000 00011 00001 00001
 10000 00011 00010 00001
 10000 00011 00010 00010
 10000 00011 00011
 10000 00100 00001 00001 00001
 10000 00100 00010 00001 00001
 10000 00100 00010 00010 00001
 10000 00100 00010 00010 00010
 10000 00100 00011 00001
 10000 00100 00011 00010
 10000 00100 00100 00001 00001
 10000 00100 00100 00010 00001
 10000 00100 00100 00010 00010
 10000 00100 00100 00011
 10000 00100 00100 00100 00001
 10000 00100 00100 00100 00010
 10000 00101 00001 00001
 10000 00101 00010 00001
 10000 00101 00010 00010
 10000 00101 00011
 10000 00101 00100 00001
 10000 00101 00100 00010
 10000 00101 00100 00100
 10000 00101 00101
 10000 00110 00001 00001
 10000 00110 00010 00001
 10000 00110 00010 00010
 10000 00110 00011
 10000 00110 00100 00001
 10000 00110 00100 00010
 10000 00110 00100 00100
 10000 00110 00101
 10000 00110 00110
 10000 00111 00001
 10000 00111 00010
 10000 00111 00100
 10000 01000 00001 00001 00001
 10000 01000 00010 00001 00001
 10000 01000 00010 00010 00001
 10000 01000 00010 00010 00010
 10000 01000 00011 00001
 10000 01000 00011 00010
 10000 01000 00100 00001 00001
 10000 01000 00100 00010 00001
 10000 01000 00100 00010 00010
 10000 01000 00100 00011
 10000 01000 00100 00100 00001
 10000 01000 00100 00100 00010
 10000 01000 00101 00001
 10000 01000 00101 00010
 10000 01000 00101 00100
 10000 01000 00110 00001
 10000 01000 00110 00010
 10000 01000 00110 00100
 10000 01000 00111
 10000 01000 01000 00001 00001
 10000 01000 01000 00010 00001
 10000 01000 01000 00010 00010
 10000 01000 01000 00011
 10000 01000 01000 00100 00001
 10000 01000 01000 00100 00010
 10000 01000 01000 00100 00100
 10000 01000 01000 00101
 10000 01000 01000 00110
 10000 01000 01000 01000 00001
 10000 01000 01000 01000 00010
 10000 01000 01000 01000 00100
 10000 01001 00001 00001
 10000 01001 00010 00001
 10000 01001 00010 00010
 10000 01001 00011
 10000 01001 00100 00001
 10000 01001 00100 00010
 10000 01001 00100 00100
 10000 01001 00101
 10000 01001 00110
 10000 01001 01000 00001
 10000 01001 01000 00010
 10000 01001 01000 00100
 10000 01001 01000 01000
 10000 01001 01001
 10000 01010 00001 00001
 10000 01010 00010 00001
 10000 01010 00010 00010
 10000 01010 00011
 10000 01010 00100 00001
 10000 01010 00100 00010
 10000 01010 00100 00100
 10000 01010 00101
 10000 01010 00110
 10000 01010 01000 00001
 10000 01010 01000 00010
 10000 01010 01000 00100
 10000 01010 01000 01000
 10000 01010 01001
 10000 01010 01010
 10000 01011 00001
 10000 01011 00010
 10000 01011 00100
 10000 01011 01000
 10000 01100 00001 00001
 10000 01100 00010 00001
 10000 01100 00010 00010
 10000 01100 00011
 10000 01100 00100 00001
 10000 01100 00100 00010
 10000 01100 00101
 10000 01100 00110
 10000 01100 01000 00001
 10000 01100 01000 00010
 10000 01100 01000 00100
 10000 01100 01000 01000
 10000 01100 01001
 10000 01100 01010
 10000 01100 01100
 10000 01101 00001
 10000 01101 00010
 10000 01101 00100
 10000 01101 01000
 10000 01110 00001
 10000 01110 00010
 10000 01110 00100
 10000 01110 01000
 10000 01111
 10000 10000 00001 00001 00001
 10000 10000 00010 00001 00001
 10000 10000 00010 00010 00001
 10000 10000 00010 00010 00010
 10000 10000 00011 00001
 10000 10000 00011 00010
 10000 10000 00100 00001 00001
 10000 10000 00100 00010 00001
 10000 10000 00100 00010 00010
 10000 10000 00100 00011
 10000 10000 00100 00100 00001
 10000 10000 00100 00100 00010
 10000 10000 00100 00100 00100
 10000 10000 00101 00001
 10000 10000 00101 00010
 10000 10000 00101 00100
 10000 10000 00110 00001
 10000 10000 00110 00010
 10000 10000 00110 00100
 10000 10000 00111
 10000 10000 01000 00001 00001
 10000 10000 01000 00010 00001
 10000 10000 01000 00010 00010
 10000 10000 01000 00011
 10000 10000 01000 00100 00001
 10000 10000 01000 00100 00010
 10000 10000 01000 00100 00100
 10000 10000 01000 00101
 10000 10000 01000 00110
 10000 10000 01000 01000 00001
 10000 10000 01000 01000 00010
 10000 10000 01000 01000 00100
 10000 10000 01000 01000 01000
 10000 10000 01001 00001
 10000 10000 01001 00010
 10000 10000 01001 00100
 10000 10000 01001 01000
 10000 10000 01010 00001
 10000 10000 01010 00010
 10000 10000 01010 00100
 10000 10000 01010 01000
 10000 10000 01011
 10000 10000 01100 00001
 10000 10000 01100 00010
 10000 10000 01100 00100
 10000 10000 01100 01000
 10000 10000 01101
 10000 10000 01110
 10000 10000 10000 00001 00001
 10000 10000 10000 00010 00001
 10000 10000 10000 00010 00010
 10000 10000 10000 00011
 10000 10000 10000 00100 00001
 10000 10000 10000 00100 00010
 10000 10000 10000 00100 00100
 10000 10000 10000 00101
 10000 10000 10000 00110
 10000 10000 10000 01000 00001
 10000 10000 10000 01000 00010
 10000 10000 10000 01000 00100
 10000 10000 10000 01000 01000
 10000 10000 10000 01001
 10000 10000 10000 01010
 10000 10000 10000 01100
 10000 10000 10000 10000 00001
 10000 10000 10000 10000 00100
 10000 10000 10000 10000 01000
 10001 00001 00001 00001
 10001 00010 00001 00001
 10001 00010 00010 00001
 10001 00010 00010 00010
 10001 00011 00010
 10001 00100 00001 00001
 10001 00100 00010 00001
 10001 00100 00010 00010
 10001 00100 00011
 10001 00100 00100 00001
 10001 00100 00100 00010
 10001 00100 00100 00100
 10001 00101 00001
 10001 00101 00010
 10001 00101 00100
 10001 00110 00001
 10001 00110 00010
 10001 00110 00100
 10001 00111
 10001 01000 00001 00001
 10001 01000 00010 00001
 10001 01000 00010 00010
 10001 01000 00011
 10001 01000 00100 00001
 10001 01000 00100 00010
 10001 01000 00100 00100
 10001 01000 00101
 10001 01000 00110
 10001 01000 01000 00001
 10001 01000 01000 00010
 10001 01000 01000 00100
 10001 01000 01000 01000
 10001 01001 00010
 10001 01001 00100
 10001 01001 01000
 10001 01010 00001
 10001 01010 00010
 10001 01010 00100
 10001 01010 01000
 10001 01011
 10001 01100 00001
 10001 01100 00010
 10001 01100 00100
 10001 01100 01000
 10001 01101
 10001 01110
 10001 10000 00001 00001
 10001 10000 00010 00001
 10001 10000 00010 00010
 10001 10000 00011
 10001 10000 00100 00001
 10001 10000 00100 00010
 10001 10000 00100 00100
 10001 10000 00101
 10001 10000 00110
 10001 10000 01000 00001
 10001 10000 01000 00010
 10001 10000 01000 00100
 10001 10000 01000 01000
 10001 10000 01001
 10001 10000 01010
 10001 10000 01100
 10001 10000 10000 00001
 10001 10000 10000 00010
 10001 10000 10000 00100
 10001 10000 10000 01000
 10001 10000 10000 10000
 10001 10001 00100
 10001 10001 01000
 10001 10001 10000
 10010 00001 00001 00001
 10010 00010 00001 00001
 10010 00010 00010 00001
 10010 00010 00010 00010
 10010 00011 00001
 10010 00011 00010
 10010 00100 00001 00001
 10010 00100 00010 00001
 10010 00100 00010 00010
 10010 00100 00011
 10010 00100 00100 00001
 10010 00100 00100 00010
 10010 00100 00100 00100
 10010 00101 00001
 10010 00101 00010
 10010 00101 00100
 10010 00110 00001
 10010 00110 00010
 10010 00110 00100
 10010 00111
 10010 01000 00001 00001
 10010 01000 00010 00001
 10010 01000 00010 00010
 10010 01000 00011
 10010 01000 00100 00001
 10010 01000 00100 00010
 10010 01000 00100 00100
 10010 01000 00101
 10010 01000 00110
 10010 01000 01000 00001
 10010 01000 01000 00010
 10010 01000 01000 00100
 10010 01000 01000 01000
 10010 01001 00001
 10010 01001 00010
 10010 01001 00100
 10010 01001 01000
 10010 01010 00001
 10010 01010 00010
 10010 01010 00100
 10010 01010 01000
 10010 01011
 10010 01100 00001
 10010 01100 00010
 10010 01100 00100
 10010 01100 01000
 10010 01101
 10010 01110
 10010 10000 00001 00001
 10010 10000 00010 00001
 10010 10000 00010 00010
 10010 10000 00011
 10010 10000 00100 00001
 10010 10000 00100 00010
 10010 10000 00100 00100
 10010 10000 00101
 10010 10000 00110
 10010 10000 01000 00001
 10010 10000 01000 00010
 10010 10000 01000 00100
 10010 10000 01000 01000
 10010 10000 01001
 10010 10000 01010
 10010 10000 01100
 10010 10000 10000 00001
 10010 10000 10000 00010
 10010 10000 10000 00100
 10010 10000 10000 01000
 10010 10000 10000 10000
 10010 10001 00010
 10010 10001 00100
 10010 10001 01000
 10010 10001 10000
 10010 10010 00001
 10010 10010 00010
 10010 10010 00100
 10010 10010 01000
 10010 10010 10000
 10011 00010 00001
 10011 00010 00010
 10011 00011
 10011 00100 00001
 10011 00100 00010
 10011 00100 00100
 10011 00101
 10011 00110
 10011 01000 00001
 10011 01000 00010
 10011 01000 00100
 10011 01000 01000
 10011 01001
 10011 01010
 10011 01100
 10011 10000 00001
 10011 10000 00010
 10011 10000 00100
 10011 10000 01000
 10011 10000 10000
 10011 10010
 10100 00001 00001 00001
 10100 00010 00001 00001
 10100 00010 00010 00001
 10100 00011 00001
 10100 00011 00010
 10100 00100 00001 00001
 10100 00100 00010 00001
 10100 00100 00010 00010
 10100 00100 00011
 10100 00100 00100 00001
 10100 00100 00100 00010
 10100 00101 00001
 10100 00101 00010
 10100 00101 00100
 10100 00110 00001
 10100 00110 00010
 10100 00110 00100
 10100 00111
 10100 01000 00001 00001
 10100 01000 00010 00001
 10100 01000 00010 00010
 10100 01000 00011
 10100 01000 00100 00001
 10100 01000 00100 00010
 10100 01000 00100 00100
 10100 01000 00101
 10100 01000 00110
 10100 01000 01000 00001
 10100 01000 01000 00010
 10100 01000 01000 00100
 10100 01001 00001
 10100 01001 00010
 10100 01001 00100
 10100 01001 01000
 10100 01010 00001
 10100 01010 00010
 10100 01010 00100
 10100 01010 01000
 10100 01011
 10100 01100 00001
 10100 01100 00010
 10100 01100 00100
 10100 01100 01000
 10100 01101
 10100 01110
 10100 10000 00001 00001
 10100 10000 00010 00001
 10100 10000 00010 00010
 10100 10000 00011
 10100 10000 00100 00001
 10100 10000 00100 00010
 10100 10000 00100 00100
 10100 10000 00101
 10100 10000 00110
 10100 10000 01000 00001
 10100 10000 01000 00010
 10100 10000 01000 00100
 10100 10000 01000 01000
 10100 10000 01001
 10100 10000 01010
 10100 10000 01100
 10100 10000 10000 00001
 10100 10000 10000 00010
 10100 10000 10000 00100
 10100 10000 10000 01000
 10100 10000 10000 10000
 10100 10001 00001
 10100 10001 00010
 10100 10001 00100
 10100 10001 01000
 10100 10001 10000
 10100 10010 00001
 10100 10010 00010
 10100 10010 00100
 10100 10010 01000
 10100 10010 10000
 10100 10011
 10100 10100 00001
 10100 10100 00100
 10100 10100 01000
 10100 10100 10000
 10101 00001 00001
 10101 00010 00001
 10101 00010 00010
 10101 00100 00001
 10101 00100 00010
 10101 00100 00100
 10101 00110
 10101 01000 00001
 10101 01000 00010
 10101 01000 00100
 10101 01000 01000
 10101 01001
 10101 01010
 10101 01100
 10101 10000 00001
 10101 10000 00010
 10101 10000 00100
 10101 10000 01000
 10101 10001
 10101 10010
 10101 10100
 10110 00001 00001
 10110 00010 00001
 10110 00011
 10110 00100 00001
 10110 00100 00010
 10110 00100 00100
 10110 00101
 10110 00110
 10110 01000 00001
 10110 01000 00010
 10110 01000 00100
 10110 01000 01000
 10110 01001
 10110 01010
 10110 10000 00001
 10110 10000 00010
 10110 10000 00100
 10110 10000 01000
 10110 10000 10000
 10110 10001
 10110 10010
 10111 00010
 10111 00100
 10111 01000
 10111 10000
 11000 00001 00001 00001
 11000 00010 00001 00001
 11000 00010 00010 00001
 11000 00010 00010 00010
 11000 00011 00001
 11000 00011 00010
 11000 00100 00001 00001
 11000 00100 00010 00001
 11000 00100 00010 00010
 11000 00100 00011
 11000 00100 00100 00001
 11000 00100 00100 00010
 11000 00101 00001
 11000 00101 00010
 11000 00101 00100
 11000 00110 00001
 11000 00110 00010
 11000 00110 00100
 11000 00111
 11000 01000 00001 00001
 11000 01000 00010 00001
 11000 01000 00010 00010
 11000 01000 00011
 11000 01000 00100 00001
 11000 01000 00100 00010
 11000 01000 00100 00100
 11000 01000 00101
 11000 01000 00110
 11000 01000 01000 00001
 11000 01000 01000 00010
 11000 01000 01000 00100
 11000 01001 00001
 11000 01001 00010
 11000 01001 00100
 11000 01001 01000
 11000 01010 00001
 11000 01010 00010
 11000 01010 00100
 11000 01010 01000
 11000 01011
 11000 01100 00001
 11000 01100 00010
 11000 01100 00100
 11000 01100 01000
 11000 01110
 11000 10000 00001 00001
 11000 10000 00010 00001
 11000 10000 00010 00010
 11000 10000 00011
 11000 10000 00100 00001
 11000 10000 00100 00010
 11000 10000 00100 00100
 11000 10000 00101
 11000 10000 00110
 11000 10000 01000 00001
 11000 10000 01000 00010
 11000 10000 01000 00100
 11000 10000 01000 01000
 11000 10000 01001
 11000 10000 01010
 11000 10000 01100
 11000 10000 10000 00001
 11000 10000 10000 00010
 11000 10000 10000 00100
 11000 10000 10000 01000
 11000 10000 10000 10000
 11000 10001 00001
 11000 10001 00010
 11000 10001 00100
 11000 10001 01000
 11000 10001 10000
 11000 10010 00001
 11000 10010 00010
 11000 10010 00100
 11000 10010 01000
 11000 10010 10000
 11000 10011
 11000 10100 00001
 11000 10100 00010
 11000 10100 00100
 11000 10100 01000
 11000 10100 10000
 11000 10101
 11000 10110
 11000 11000 00001
 11000 11000 00010
 11000 11000 00100
 11000 11000 01000
 11001 00010 00001
 11001 00010 00010
 11001 00011
 11001 00100 00001
 11001 00100 00010
 11001 00100 00100
 11001 00101
 11001 00110
 11001 01000 00001
 11001 01000 00010
 11001 01000 00100
 11001 01000 01000
 11001 01001
 11001 01010
 11001 01100
 11001 10000 00001
 11001 10000 00010
 11001 10000 00100
 11001 10000 01000
 11001 10000 10000
 11001 10001
 11001 10010
 11001 10100
 11010 00001 00001
 11010 00010 00001
 11010 00010 00010
 11010 00011
 11010 00100 00001
 11010 00100 00010
 11010 00101
 11010 00110
 11010 01000 00001
 11010 01000 00010
 11010 01000 00100
 11010 01000 01000
 11010 01001
 11010 01010
 11010 01100
 11010 10000 00001
 11010 10000 00010
 11010 10000 00100
 11010 10000 01000
 11010 10000 10000
 11010 10100
 11010 11000
 11011 00001
 11011 00010
 11011 00100
 11011 01000
 11100 00001 00001
 11100 00010 00001
 11100 00010 00010
 11100 00011
 11100 00100 00001
 11100 00100 00010
 11100 00101
 11100 00110
 11100 01000 00001
 11100 01000 00010
 11100 01001
 11100 01010
 11100 10000 00001
 11100 10000 00010
 11100 10000 00100
 11100 10000 01000
 11100 10000 10000
 11100 10001
 11100 10010
 11100 10100
 11100 11000
 11101 00001
 11101 00010
 11101 00100
 11101 10000
 11110 00001
 11110 00010
 11110 01000
 11110 10000
